10204.70000   0.34594
10205.30000   0.33106
10205.80000   0.35745
10206.30000   0.31188
10206.80000   0.33441
10207.30000   0.32976
10207.80000   0.31369
10208.30000   0.37164
10208.90000   0.37898
10209.40000   0.34921
10209.90000   0.36514
10210.40000   0.35616
10210.90000   0.35285
10211.40000   0.38383
10211.90000   0.34909
10212.40000   0.30496
10213.00000   0.36793
10213.50000   0.33441
10214.00000   0.36997
10214.50000   0.35879
10215.00000   0.35494
10215.50000   0.32118
10216.00000   0.38415
10216.60000   0.37646
10217.10000   0.37085
10217.60000   0.32411
10218.10000   0.33319
10218.60000   0.35572
10219.10000   0.30816
10219.60000   0.36756
10220.10000   0.33123
10220.70000   0.31730
10221.20000   0.33746
10221.70000   0.36669
10222.20000   0.34743
10222.70000   0.36257
10223.20000   0.33702
10223.70000   0.35736
10224.30000   0.34852
10224.80000   0.33803
10225.30000   0.33076
10225.80000   0.34903
10226.30000   0.36153
10226.80000   0.34436
10227.30000   0.35106
10227.80000   0.32482
10228.40000   0.35090
10228.90000   0.35423
10229.40000   0.35966
10229.90000   0.29253
10230.40000   0.34209
10230.90000   0.31941
10231.40000   0.34476
10232.00000   0.36705
10232.50000   0.32696
10233.00000   0.31920
10233.50000   0.34557
10234.00000   0.34078
10234.50000   0.37127
10235.00000   0.31583
10235.60000   0.31724
10236.10000   0.34151
10236.60000   0.36669
10237.10000   0.33142
10237.60000   0.37513
10238.10000   0.32892
10238.60000   0.33422
10239.10000   0.34859
10239.70000   0.33136
10240.20000   0.38257
10240.70000   0.38491
10241.20000   0.37246
10241.70000   0.37804
10242.20000   0.34947
10242.70000   0.37570
10243.30000   0.36190
10243.80000   0.36103
10244.30000   0.33172
10244.80000   0.34474
10245.30000   0.33959
10245.80000   0.33182
10246.30000   0.35734
10246.80000   0.35052
10247.40000   0.33089
10247.90000   0.31252
10248.40000   0.30648
10248.90000   0.35101
10249.40000   0.35487
10249.90000   0.36771
10250.40000   0.36250
10251.00000   0.34509
10251.50000   0.34446
10252.00000   0.35379
10252.50000   0.37318
10253.00000   0.36145
10253.50000   0.38984
10254.00000   0.36997
10254.50000   0.33538
10255.10000   0.35571
10255.60000   0.43351
10256.10000   0.34499
10256.60000   0.36390
10257.10000   0.34675
10257.60000   0.36806
10258.10000   0.36931
10258.70000   0.35213
10259.20000   0.34839
10259.70000   0.32953
10260.20000   0.35545
10260.70000   0.34695
10261.20000   0.39066
10261.70000   0.36389
10262.20000   0.32888
10262.80000   0.33354
10263.30000   0.32994
10263.80000   0.36601
10264.30000   0.34661
10264.80000   0.32608
10265.30000   0.33626
10265.80000   0.36812
10266.40000   0.37459
10266.90000   0.32315
10267.40000   0.31245
10267.90000   0.32625
10268.40000   0.33193
10268.90000   0.38398
10269.40000   0.35662
10269.90000   0.38811
10270.50000   0.33331
10271.00000   0.36231
10271.50000   0.34746
10272.00000   0.33398
10272.50000   0.35788
10273.00000   0.34658
10273.50000   0.32485
10274.10000   0.33147
10274.60000   0.34899
10275.10000   0.32555
10275.60000   0.29837
10276.10000   0.30679
10276.60000   0.36132
10277.10000   0.34404
10277.60000   0.34463
10278.20000   0.34422
10278.70000   0.36686
10279.20000   0.32601
10279.70000   0.34489
10280.20000   0.32001
10280.70000   0.38197
10281.20000   0.33150
10281.80000   0.30839
10282.30000   0.30549
10282.80000   0.34883
10283.30000   0.31085
10283.80000   0.34790
10284.30000   0.34567
10284.80000   0.37014
10285.40000   0.34358
10285.90000   0.35376
10286.40000   0.36547
10286.90000   0.33532
10287.40000   0.35336
10287.90000   0.36889
10288.40000   0.36516
10288.90000   0.30153
10289.50000   0.35211
10290.00000   0.34245
10290.50000   0.31772
10291.00000   0.35124
10291.50000   0.33464
10292.00000   0.34654
10292.50000   0.34495
10293.10000   0.37337
10293.60000   0.33535
10294.10000   0.35795
10294.60000   0.37029
10295.10000   0.34648
10295.60000   0.36887
10296.10000   0.36012
10296.60000   0.34201
10297.20000   0.32500
10297.70000   0.33267
10298.20000   0.36366
10298.70000   0.35995
10299.20000   0.33447
10299.70000   0.35460
10300.20000   0.36335
10300.80000   0.34600
10301.30000   0.35700
10301.80000   0.35004
10302.30000   0.35052
10302.80000   0.34313
10303.30000   0.35906
10303.80000   0.32985
10304.30000   0.36270
10304.90000   0.33827
10305.40000   0.37029
10305.90000   0.32666
10306.40000   0.36283
10306.90000   0.30900
10307.40000   0.35916
10307.90000   0.38170
10308.50000   0.33666
10309.00000   0.37454
10309.50000   0.36392
10310.00000   0.38075
10310.50000   0.31678
10311.00000   0.34298
10311.50000   0.33723
10312.00000   0.29279
10312.60000   0.35035
10313.10000   0.37079
10313.60000   0.38405
10314.10000   0.32252
10314.60000   0.34721
10315.10000   0.38070
10315.60000   0.40344
10316.20000   0.34544
10316.70000   0.33741
10317.20000   0.34518
10317.70000   0.37636
10318.20000   0.33871
10318.70000   0.34793
10319.20000   0.36703
10319.70000   0.34631
10320.30000   0.33361
10320.80000   0.35613
10321.30000   0.34390
10321.80000   0.34806
10322.30000   0.33029
10322.80000   0.35540
10323.30000   0.36212
10323.90000   0.36052
10324.40000   0.38719
10324.90000   0.32584
10325.40000   0.35351
10325.90000   0.35875
10326.40000   0.36535
10326.90000   0.35210
10327.40000   0.36224
10328.00000   0.34491
10328.50000   0.34630
10329.00000   0.33223
10329.50000   0.36244
10330.00000   0.32792
10330.50000   0.36055
10331.00000   0.34317
10331.60000   0.35516
10332.10000   0.31747
10332.60000   0.36466
10333.10000   0.36113
10333.60000   0.35841
10334.10000   0.34224
10334.60000   0.35983
10335.20000   0.38096
10335.70000   0.28893
10336.20000   0.37091
10336.70000   0.38253
10337.20000   0.34493
10337.70000   0.36472
10338.20000   0.35577
10338.70000   0.34765
10339.30000   0.34619
10339.80000   0.34690
10340.30000   0.33272
10340.80000   0.38571
10341.30000   0.37429
10341.80000   0.35250
10342.30000   0.33365
10342.90000   0.34394
10343.40000   0.32801
10343.90000   0.36464
10344.40000   0.36368
10344.90000   0.30472
10345.40000   0.31832
10345.90000   0.34238
10346.40000   0.33000
10347.00000   0.34705
10347.50000   0.36446
10348.00000   0.32813
10348.50000   0.29178
10349.00000   0.33791
10349.50000   0.38647
10350.00000   0.36996
10350.60000   0.37250
10351.10000   0.36524
10351.60000   0.35025
10352.10000   0.36281
10352.60000   0.36326
10353.10000   0.31822
10353.60000   0.37650
10354.10000   0.32227
10354.70000   0.34826
10355.20000   0.34855
10355.70000   0.38477
10356.20000   0.32558
10356.70000   0.34036
10357.20000   0.33748
10357.70000   0.38271
10358.30000   0.38602
10358.80000   0.38893
10359.30000   0.35692
10359.80000   0.33142
10360.30000   0.39298
10360.80000   0.37645
10361.30000   0.35400
10361.80000   0.34791
10362.40000   0.33507
10362.90000   0.33393
10363.40000   0.33743
10363.90000   0.36369
10364.40000   0.37865
10364.90000   0.34189
10365.40000   0.35307
10366.00000   0.36539
10366.50000   0.34083
10367.00000   0.34918
10367.50000   0.34578
10368.00000   0.36798
10368.50000   0.33707
10369.00000   0.38413
10369.50000   0.34769
10370.10000   0.38872
10370.60000   0.35307
10371.10000   0.34280
10371.60000   0.36188
10372.10000   0.33202
10372.60000   0.36932
10373.10000   0.34641
10373.70000   0.37114
10374.20000   0.35334
10374.70000   0.39164
10375.20000   0.36264
10375.70000   0.37525
10376.20000   0.33807
10376.70000   0.34232
10377.20000   0.36478
10377.80000   0.34490
10378.30000   0.35711
10378.80000   0.34850
10379.30000   0.34695
10379.80000   0.35519
10380.30000   0.34598
10380.80000   0.35160
10381.40000   0.33832
10381.90000   0.36499
10382.40000   0.32225
10382.90000   0.30047
10383.40000   0.36169
10383.90000   0.34096
10384.40000   0.35280
10385.00000   0.35793
10385.50000   0.34331
10386.00000   0.35943
10386.50000   0.32099
10387.00000   0.35320
10387.50000   0.32736
10388.00000   0.31850
10388.50000   0.36364
10389.10000   0.34748
10389.60000   0.32917
10390.10000   0.40745
10390.60000   0.34458
10391.10000   0.32891
10391.60000   0.35047
10392.10000   0.34568
10392.70000   0.37504
10393.20000   0.35878
10393.70000   0.37035
10394.20000   0.32487
10394.70000   0.33536
10395.20000   0.35423
10395.70000   0.34477
10396.20000   0.29859
10396.80000   0.37630
10397.30000   0.35751
10397.80000   0.33691
10398.30000   0.36097
10398.80000   0.33965
10399.30000   0.36975
10399.80000   0.33633
10400.40000   0.34005
10400.90000   0.35117
10401.40000   0.37231
10401.90000   0.36000
10402.40000   0.35600
10402.90000   0.35548
10403.40000   0.33991
10403.90000   0.30376
10404.50000   0.32618
10405.00000   0.37574
10405.50000   0.32464
10406.00000   0.34721
10406.50000   0.34232
10407.00000   0.35606
10407.50000   0.35381
10408.10000   0.35196
10408.60000   0.35723
10409.10000   0.36999
10409.60000   0.36367
10410.10000   0.37711
10410.60000   0.32091
10411.10000   0.34098
10411.60000   0.35397
10412.20000   0.35265
10412.70000   0.36685
10413.20000   0.32468
10413.70000   0.35015
10414.20000   0.36673
10414.70000   0.36569
10415.20000   0.34386
10415.80000   0.32915
10416.30000   0.36227
10416.80000   0.33422
10417.30000   0.35567
10417.80000   0.32538
10418.30000   0.35064
10418.80000   0.37616
10419.30000   0.32284
10419.90000   0.35093
10420.40000   0.36354
10420.90000   0.38397
10421.40000   0.36662
10421.90000   0.36231
10422.40000   0.37714
10422.90000   0.34215
10423.50000   0.33249
10424.00000   0.36581
10424.50000   0.36133
10425.00000   0.34102
10425.50000   0.35922
10426.00000   0.33741
10426.50000   0.35643
10427.00000   0.34177
10427.60000   0.34934
10428.10000   0.36066
10428.60000   0.34516
10429.10000   0.30980
10429.60000   0.33622
10430.10000   0.36094
10430.60000   0.33730
10431.20000   0.38065
10431.70000   0.33880
10432.20000   0.34823
10432.70000   0.35651
10433.20000   0.33749
10433.70000   0.34596
10434.20000   0.36415
10434.80000   0.32939
10435.30000   0.36716
10435.80000   0.35834
10436.30000   0.35660
10436.80000   0.32803
10437.30000   0.34436
10437.80000   0.33568
10438.30000   0.34039
10438.90000   0.35379
10439.40000   0.35574
10439.90000   0.38414
10440.40000   0.36007
10440.90000   0.34438
10441.40000   0.32879
10441.90000   0.37442
10442.50000   0.33109
10443.00000   0.34398
10443.50000   0.26183
10444.00000   0.28953
10444.50000   0.37872
10445.00000   0.32361
10445.50000   0.42077
10446.00000   0.33213
10446.60000   0.34259
10447.10000   0.35537
10447.60000   0.34636
10448.10000   0.34696
10448.60000   0.37529
10449.10000   0.32725
10449.60000   0.35009
10450.20000   0.36382
10450.70000   0.36097
10451.20000   0.35793
10451.70000   0.37311
10452.20000   0.33558
10452.70000   0.37787
10453.20000   0.33602
10453.70000   0.39900
10454.30000   0.34923
10454.80000   0.33964
10455.30000   0.37240
10455.80000   0.37637
10456.30000   0.34229
10456.80000   0.38047
10457.30000   0.07708
10457.90000   0.06122
10458.40000   0.04984
10458.90000   0.06036
10459.40000   0.07504
10459.90000   0.07966
10460.40000   0.06561
10460.90000   0.08226
10461.40000   0.07947
10462.00000   0.07095
10462.50000   0.07617
10463.00000   0.07985
10463.50000   0.06401
10464.00000   0.08055
10464.50000   0.07882
10465.00000   0.07700
10465.60000   0.04816
10466.10000   0.07363
10466.60000   0.07556
10467.10000   0.07130
10467.60000   0.09566
10468.10000   0.07966
10468.60000   0.07150
10469.10000   0.08775
10469.70000   0.07559
10470.20000   0.08293
10470.70000   0.07681
10471.20000   0.06893
10471.70000   0.06255
10472.20000   0.07599
10472.70000   0.06249
10473.30000   0.07585
10473.80000   0.08512
10474.30000   0.07213
10474.80000   0.03430
10475.30000   0.07017
10475.80000   0.14702
10476.30000   0.38123
10476.80000   0.38737
10477.40000   0.36999
10477.90000   0.33947
10478.40000   0.37609
10478.90000   0.37533
10479.40000   0.34152
10479.90000   0.37510
10480.40000   0.36594
10481.00000   0.36009
10481.50000   0.33564
10482.00000   0.32823
10482.50000   0.34621
10483.00000   0.34478
10483.50000   0.37973
10484.00000   0.35039
10484.60000   0.37444
10485.10000   0.36863
10485.60000   0.34912
10486.10000   0.34830
10486.60000   0.35989
10487.10000   0.34706
10487.60000   0.32429
10488.10000   0.36340
10488.70000   0.27358
10489.20000   0.33518
10489.70000   0.35763
10490.20000   0.36855
10490.70000   0.35883
10491.20000   0.35306
10491.70000   0.36337
10492.30000   0.34973
10492.80000   0.37549
10493.30000   0.37573
10493.80000   0.32774
10494.30000   0.31569
10494.80000   0.36362
10495.30000   0.30796
10495.80000   0.34775
10496.40000   0.40193
10496.90000   0.33574
10497.40000   0.35729
10497.90000   0.38729
10498.40000   0.34996
10498.90000   0.38601
10499.40000   0.34911
10500.00000   0.38350
10500.50000   0.36327
10501.00000   0.33499
10501.50000   0.40099
10502.00000   0.32356
10502.50000   0.36122
10503.00000   0.33548
10503.50000   0.33220
10504.10000   0.34707
10504.60000   0.36178
10505.10000   0.36415
10505.60000   0.37034
10506.10000   0.35201
10506.60000   0.35953
10507.10000   0.36380
10507.70000   0.32994
10508.20000   0.33701
10508.70000   0.36582
10509.20000   0.33495
10509.70000   0.37571
10510.20000   0.35924
10510.70000   0.33036
10511.20000   0.35867
10511.80000   0.31707
10512.30000   0.38270
10512.80000   0.37260
10513.30000   0.37286
10513.80000   0.35879
10514.30000   0.34907
10514.80000   0.35924
10515.40000   0.35450
10515.90000   0.34731
10516.40000   0.30903
10516.90000   0.38379
10517.40000   0.35304
10517.90000   0.36307
10518.40000   0.35208
10518.90000   0.35866
10519.50000   0.36214
10520.00000   0.34958
10520.50000   0.38882
10521.00000   0.33967
10521.50000   0.34213
10522.00000   0.39091
10522.50000   0.33986
10523.10000   0.36048
10523.60000   0.39241
10524.10000   0.37100
10524.60000   0.35040
10525.10000   0.34665
10525.60000   0.33755
10526.10000   0.34091
10526.60000   0.39005
10527.20000   0.34700
10527.70000   0.32715
10528.20000   0.33620
10528.70000   0.32561
10529.20000   0.36942
10529.70000   0.34348
10530.20000   0.34742
10530.80000   0.32873
10531.30000   0.34753
10531.80000   0.33519
10532.30000   0.34309
10532.80000   0.41435
10533.30000   0.33203
10533.80000   0.37018
10534.40000   0.36337
10534.90000   0.38288
10535.40000   0.32194
10535.90000   0.42822
10536.40000   0.37329
10536.90000   0.31282
10537.40000   0.36869
10537.90000   0.39233
10538.50000   0.36857
10539.00000   0.34853
10539.50000   0.36859
10540.00000   0.35026
10540.50000   0.32197
10541.00000   0.33407
10541.50000   0.39108
10542.10000   0.33965
10542.60000   0.34789
10543.10000   0.33205
10543.60000   0.36562
10544.10000   0.38767
10544.60000   0.31783
10545.10000   0.33306
10545.60000   0.37204
10546.20000   0.38601
10546.70000   0.37205
10547.20000   0.37272
10547.70000   0.29232
10548.20000   0.34266
10548.70000   0.30491
10549.20000   0.33015
10549.80000   0.33065
10550.30000   0.34906
10550.80000   0.35066
10551.30000   0.34116
10551.80000   0.36437
10552.30000   0.40269
10552.80000   0.35091
10553.30000   0.34936
10553.90000   0.38737
10554.40000   0.36558
10554.90000   0.33675
10555.40000   0.42428
10555.90000   0.38906
10556.40000   0.35363
10556.90000   0.37082
10557.50000   0.33884
10558.00000   0.35535
10558.50000   0.28915
10559.00000   0.37880
10559.50000   0.32958
10560.00000   0.33249
10560.50000   0.39336
10561.00000   0.35662
10561.60000   0.33507
10562.10000   0.31778
10562.60000   0.32894
10563.10000   0.31025
10563.60000   0.32902
10564.10000   0.32847
10564.60000   0.28237
10565.20000   0.31843
10565.70000   0.38261
10566.20000   0.35040
10566.70000   0.31234
10567.20000   0.41750
10567.70000   0.32443
10568.20000   0.25458
10568.70000   0.36938
10569.30000   0.35899
10569.80000   0.31346
10570.30000   0.30708
10570.80000   0.28051
10571.30000   0.45728
10571.80000   0.37017
10572.30000   0.36691
10572.90000   0.38116
10573.40000   0.32893
10573.90000   0.37573
10574.40000   0.33242
10574.90000   0.31028
10575.40000   0.23247
10575.90000   0.34172
10576.40000   0.36144
10577.00000   0.22429
10577.50000   0.31972
10578.00000   0.32009
10578.50000   0.35732
10579.00000   0.38093
10579.50000   0.39317
10580.00000   0.38511
10580.60000   0.36781
10581.10000   0.30353
10581.60000   0.38398
10582.10000   0.31910
10582.60000   0.36855
10583.10000   0.34402
10583.60000   0.33613
10584.10000   0.40152
10584.70000   0.38190
10585.20000   0.16794
10585.70000   0.30654
10586.20000   0.36217
10586.70000   0.43384
10587.20000   0.43766
10587.70000   0.34667
10588.30000   0.36742
10588.80000   0.33941
10589.30000   0.33075
10589.80000   0.35351
10590.30000   0.43764
10590.80000   0.29402
10591.30000   0.31313
10591.90000   0.30560
10592.40000   0.36095
10592.90000   0.24799
10593.40000   0.33195
10593.90000   0.33369
10594.40000   0.38909
10594.90000   0.40785
10595.40000   0.40405
10596.00000   0.36894
10596.50000   0.38852
10597.00000   0.45886
10597.50000   0.38587
10598.00000   0.35562
10598.50000   0.38681
10599.00000   0.35538
10599.60000   0.35847
10600.10000   0.40853
10600.60000   0.39262
10601.10000   0.34192
10601.60000   0.37983
10602.10000   0.28987
10602.60000   0.31831
10603.10000   0.35122
10603.70000   0.38334
10604.20000   0.29850
10604.70000   0.34319
10605.20000   0.33593
10605.70000   0.34489
10606.20000   0.37381
10606.70000   0.33557
10607.30000   0.35958
10607.80000   0.32636
10608.30000   0.41533
10608.80000   0.34995
10609.30000   0.41004
10609.80000   0.36838
10610.30000   0.39147
10610.80000   0.31970
10611.40000   0.38321
10611.90000   0.34465
10612.40000   0.31720
10612.90000   0.38387
10613.40000   0.29179
10613.90000   0.30951
10614.40000   0.33049
10615.00000   0.33675
10615.50000   0.35253
10616.00000   0.37835
10616.50000   0.29873
10617.00000   0.31347
10617.50000   0.25681
10618.00000   0.37367
10618.50000   0.37344
10619.10000   0.31110
10619.60000   0.37730
10620.10000   0.41816
10620.60000   0.34315
10621.10000   0.33509
10621.60000   0.34360
10622.10000   0.35281
10622.70000   0.42643
10623.20000   0.37822
10623.70000   0.31388
10624.20000   0.27723
10624.70000   0.33630
10625.20000   0.36229
10625.70000   0.37083
10626.20000   0.39731
10626.80000   0.36380
10627.30000   0.35571
10627.80000   0.30964
10628.30000   0.34875
10628.80000   0.39265
10629.30000   0.37493
10629.80000   0.35436
10630.40000   0.40197
10630.90000   0.37028
10631.40000   0.33763
10631.90000   0.34323
10632.40000   0.33793
10632.90000   0.36516
10633.40000   0.29277
10633.90000   0.34010
10634.50000   0.32003
10635.00000   0.43167
10635.50000   0.38707
10636.00000   0.37929
10636.50000   0.39293
10637.00000   0.37249
10637.50000   0.35858
10638.10000   0.37152
10638.60000   0.35484
10639.10000   0.34723
10639.60000   0.30482
10640.10000   0.38898
10640.60000   0.36783
10641.10000   0.38000
10641.70000   0.41602
10642.20000   0.41059
10642.70000   0.42512
10643.20000   0.42860
10643.70000   0.35293
10644.20000   0.37691
10644.70000   0.39389
10645.20000   0.34593
10645.80000   0.34233
10646.30000   0.35679
10646.80000   0.38808
10647.30000   0.35749
10647.80000   0.38013
10648.30000   0.34722
10648.80000   0.37136
10649.40000   0.38173
10649.90000   0.36509
10650.40000   0.34575
10650.90000   0.32637
10651.40000   0.36684
10651.90000   0.37329
10652.40000   0.33782
10652.90000   0.34792
10653.50000   0.37574
10654.00000   0.34452
10654.50000   0.33654
10655.00000   0.38102
10655.50000   0.34017
10656.00000   0.36932
10656.50000   0.41918
10657.10000   0.37625
10657.60000   0.34894
10658.10000   0.33280
10658.60000   0.38452
10659.10000   0.36928
10659.60000   0.37541
10660.10000   0.35563
10660.60000   0.38287
10661.20000   0.38707
10661.70000   0.37990
10662.20000   0.39253
10662.70000   0.37506
10663.20000   0.37365
10663.70000   0.35250
10664.20000   0.37620
10664.80000   0.34158
10665.30000   0.37918
10665.80000   0.30398
10666.30000   0.39998
10666.80000   0.37301
10667.30000   0.38608
10667.80000   0.40224
10668.30000   0.38175
10668.90000   0.33600
10669.40000   0.34286
10669.90000   0.41632
10670.40000   0.31621
10670.90000   0.34603
10671.40000   0.35245
10671.90000   0.30003
10672.50000   0.38766
10673.00000   0.28675
10673.50000   0.31914
10674.00000   0.38671
10674.50000   0.39447
10675.00000   0.33183
10675.50000   0.37130
10676.00000   0.34556
10676.60000   0.35382
10677.10000   0.36019
10677.60000   0.37749
10678.10000   0.36899
10678.60000   0.37286
10679.10000   0.36562
10679.60000   0.38179
10680.20000   0.36888
10680.70000   0.36841
10681.20000   0.37008
10681.70000   0.34486
10682.20000   0.34499
10682.70000   0.31819
10683.20000   0.35447
10683.70000   0.39795
10684.30000   0.35755
10684.80000   0.41434
10685.30000   0.33963
10685.80000   0.37583
10686.30000   0.36398
10686.80000   0.40622
10687.30000   0.32886
10687.90000   0.38148
10688.40000   0.37976
10688.90000   0.32709
10689.40000   0.36403
10689.90000   0.35920
10690.40000   0.31897
10690.90000   0.35242
10691.50000   0.36566
10692.00000   0.33554
10692.50000   0.36016
10693.00000   0.31851
10693.50000   0.32732
10694.00000   0.36176
10694.50000   0.34108
10695.00000   0.33212
10695.60000   0.38893
10696.10000   0.37791
10696.60000   0.35105
10697.10000   0.39279
10697.60000   0.33258
10698.10000   0.38273
10698.60000   0.35351
10699.20000   0.37292
10699.70000   0.34770
10700.20000   0.37031
10700.70000   0.35490
10701.20000   0.38653
10701.70000   0.36303
10702.20000   0.34535
10702.70000   0.34163
10703.30000   0.36257
10703.80000   0.33788
10704.30000   0.34131
10704.80000   0.33906
10705.30000   0.38160
10705.80000   0.36531
10706.30000   0.35186
10706.90000   0.37920
10707.40000   0.33703
10707.90000   0.35197
10708.40000   0.35035
10708.90000   0.37518
10709.40000   0.36672
10709.90000   0.35690
10710.40000   0.38601
10711.00000   0.33905
10711.50000   0.38244
10712.00000   0.39093
10712.50000   0.34940
10713.00000   0.38140
10713.50000   0.37625
10714.00000   0.35058
10714.60000   0.35072
10715.10000   0.34669
10715.60000   0.37509
10716.10000   0.38444
10716.60000   0.37762
10717.10000   0.40027
10717.60000   0.35620
